2.660000000000000142e-01 4.159999999999999809e-01
2.720000000000000195e-01 4.759999999999999787e-01
2.780000000000000249e-01 5.320000000000000284e-01
2.879999999999999782e-01 5.859999999999999654e-01
3.059999999999999942e-01 6.380000000000000115e-01
3.420000000000000262e-01 6.800000000000000488e-01
3.920000000000000151e-01 7.099999999999999645e-01
4.480000000000000093e-01 7.319999999999999840e-01
5.100000000000000089e-01 7.359999999999999876e-01
5.719999999999999529e-01 7.279999999999999805e-01
6.239999999999999991e-01 7.039999999999999591e-01
6.660000000000000364e-01 6.740000000000000435e-01
6.939999999999999503e-01 6.300000000000000044e-01
7.099999999999999645e-01 5.779999999999999583e-01
7.179999999999999716e-01 5.240000000000000213e-01
7.239999999999999769e-01 4.680000000000000271e-01
7.279999999999999805e-01 4.119999999999999774e-01
3.180000000000000049e-01 3.679999999999999938e-01
3.459999999999999742e-01 3.340000000000000191e-01
3.920000000000000151e-01 3.180000000000000049e-01
4.420000000000000040e-01 3.220000000000000084e-01
4.899999999999999911e-01 3.320000000000000173e-01
5.360000000000000320e-01 3.340000000000000191e-01
5.819999999999999618e-01 3.200000000000000067e-01
6.260000000000000009e-01 3.140000000000000013e-01
6.700000000000000400e-01 3.260000000000000120e-01
6.959999999999999520e-01 3.619999999999999885e-01
5.160000000000000142e-01 3.659999999999999920e-01
5.160000000000000142e-01 4.000000000000000222e-01
5.180000000000000160e-01 4.339999999999999969e-01
5.180000000000000160e-01 4.699999999999999734e-01
4.640000000000000235e-01 5.060000000000000053e-01
4.879999999999999893e-01 5.140000000000000124e-01
5.140000000000000124e-01 5.200000000000000178e-01
5.380000000000000338e-01 5.140000000000000124e-01
5.600000000000000533e-01 5.060000000000000053e-01
3.679999999999999938e-01 3.880000000000000115e-01
3.940000000000000169e-01 3.699999999999999956e-01
4.259999999999999898e-01 3.679999999999999938e-01
4.540000000000000147e-01 3.880000000000000115e-01
4.259999999999999898e-01 3.940000000000000169e-01
3.940000000000000169e-01 3.960000000000000187e-01
5.639999999999999458e-01 3.860000000000000098e-01
5.919999999999999707e-01 3.659999999999999920e-01
6.239999999999999991e-01 3.659999999999999920e-01
6.480000000000000204e-01 3.860000000000000098e-01
6.239999999999999991e-01 3.940000000000000169e-01
5.939999999999999725e-01 3.920000000000000151e-01
4.259999999999999898e-01 5.899999999999999689e-01
4.600000000000000200e-01 5.679999999999999494e-01
4.919999999999999929e-01 5.560000000000000497e-01
5.120000000000000107e-01 5.620000000000000551e-01
5.360000000000000320e-01 5.560000000000000497e-01
5.659999999999999476e-01 5.699999999999999512e-01
5.979999999999999760e-01 5.899999999999999689e-01
5.659999999999999476e-01 6.019999999999999796e-01
5.380000000000000338e-01 6.059999999999999831e-01
5.140000000000000124e-01 6.059999999999999831e-01
4.919999999999999929e-01 6.039999999999999813e-01
4.620000000000000218e-01 5.999999999999999778e-01
4.400000000000000022e-01 5.879999999999999671e-01
4.899999999999999911e-01 5.779999999999999583e-01
5.120000000000000107e-01 5.799999999999999600e-01
5.360000000000000320e-01 5.779999999999999583e-01
5.859999999999999654e-01 5.879999999999999671e-01
5.360000000000000320e-01 5.799999999999999600e-01
5.140000000000000124e-01 5.819999999999999618e-01
4.919999999999999929e-01 5.799999999999999600e-01
